1322175492 0
1272938623 0
689520395 0
1602402897 0
980772298 0
57639603 1
1880728524 2
1537401770 2
79814457 2
1302206860 3
1906147308 3
464908490 4
305866768 4
2123584135 5
1614115943 6
100793955 6
736064813 6
926183787 6
1419069603 6
1759067422 7
79426216 8
1421662964 9
-----
1759067422 7
79814457 2
736064813 6
305866768 4
100793955 6
1272938623 0
926183787 6
1906147308 3
1614115943 6
2123584135 5
464908490 4
57639603 1
1880728524 2
1421662964 9
1302206860 3
689520395 0
1419069603 6
980772298 0
1322175492 0
1602402897 0
1537401770 2
79426216 8
